10,227
10,115
10,255
10,249
10,201
10,147
11,15
11,5
11,19
8,10
8,17
48,4
48,3
48,2
48,1
48,0
47,3
47,2
47,1
47,0
46,3
46,2
46,1
46,0
45,5
45,4
45,3
45,2
45,1
45,0
44,4
44,3
44,2
44,1
44,0
42,5
42,4
42,3
42,2
42,1
42,0
39,5
39,4
39,3
39,2
39,1
39,0
37,5
37,4
37,3
37,2
37,1
37,0
35,5
35,4
35,3
35,2
35,1
25,3
25,1
20,3
20,2
20,1
19,2
12,3
19,1
12,2
19,3
12,1
11,29
11,27
11,21
11,13
11,12
11,11
11,9
11,3
11,2
11,1
10,291
10,239
10,159
10,151
10,131
10,127
10,125
10,35
10,11
10,3
10,2
10,1
9,7
9,5
18,1
9,3
18,3
9,2
9,1
8,16
14,1
8,15
14,3
13,1
